5906
6959
354
2545
1334
3213
1877
8630
7568
4163
4595
1472
3342
938
5576
2309
8255
3335
980
9976
6520
2444
8531
463
8410
2125
7673
7773
9951
1955
732
2830
3828
5701
192
9766
2287
9668
8785
8697
4825
621
2737
4787
425
5311
6790
7715
804
4583
6597
231
1986
22
6650
8975
6707
2599
6169
2278
8716
6887
4296
2867
2435
6603
3339
5847
567
9164
5644
4458
1384
8488
8360
1983
7153
137
3884
9228
1650
4628
367
1420
7709
4862
2384
2199
8610
4206
8614
681
2972
2577
6807
3171
5636
2151
956
8824
4325
9749
9845
5913
3675
321
2319
2813
9666
6175
8354
2976
236
199
4090
7068
8853
2552
6775
481
5073
1584
3956
8382
6309
7270
6941
4850
6888
643
1394
1377
2043
93
7191
6608
6917
3270
5387
2680
3071
164
9362
9099
2733
7851
7766
1894
6116
339
4643
8826
7318
3051
7098
744
8199
737
4665
102
538
6714
7535
2237
8777
9187
8481
3901
4903
1941
2325
5215
8028
9236
2973
1206
4778
9708
7917
2495
9366
9496
3688
1680
4854
2621
4729
5799
9076
4375
2664
9595
5910
3233
3265
4250
4549
2361
352
4538
9521
7569
3235
2395
6272
4663
3657
5322
1615
2300
611
5307
1165
3634
8548
5955
8203
6227
9692
71
7829
1020
4679
6273
8381
3392
7553
7675
7561
2530
508
2334
3870
1919
834
5212
2169
653
3346
6357
3094
1923
9445
1352
9430
9841
3467
1644
7607
4136
7427
5492
807
2437
3969
6960
5627
8951
7330
2560
4754
471
4364
9022
6708
4470
9153
9929
5335
855
2662
8183
4317
5646
5663
7036
7951
5840
2988
961
4476
5113
8622
5047
7483
5498
3499
9018
7674
688
7173
2729
2274
2468
9523
8491
2852
4784
9494
580
4580
5621
9237
9361
9987
9748
5677
8999
3558
3797
4653
3963
1229
6111
1907
1145
6114
8653
9147
7699
1136
9583
402
5881
517
1809
3069
6592
2874
6526
790
7640
5115
2256
2856
2493
405
3681
8424
4215
5474
4414
440
9080
8934
2996
3231
1066
1474
9239
3763
712
6341
8124
8645
3692
7219
9240
8433
9571
7731
5704
1815
6194
8945
2270
3602
5639
7651
883
7624
3852
3089
5402
6442
7862
8578
1221
6574
7121
5760
7432
1469
6990
8508
3651
5237
672
8393
7332
6548
4310
6323
1285
8751
7103
796
7393
8274
8027
5843
1315
3122
8238
3280
5749
16
7792
5114
8844
8225
2231
7313
6969
9560
8981
5607
6551
1075
3308
4821
9330
1599
1493
6791
5720
6119
9768
394
6787
3004
7302
4401
196
6556
4365
7382
9474
3162
6974
5395
1803
3285
1668
4944
95
6105
406
7767
3140
5458
8093
5041
8317
3442
2473
9651
6320
639
9623
4907
7341
65
8596
9876
8005
1752
7066
6246
7552
576
2778
4508
1758
229
2352
5946
1720
3919
6369
6176
762
4633
2723
6139
8608
2236
5125
8431
1982
8560
2882
3282
6964
8160
4500
8638
4166
3695
2862
8850
2329
9869
4611
5027
357
2920
5724
4834
6364
1547
3113
1990
7982
7824
441
4522
1971
2829
1381
6212
1279
4498
6493
2635
2785
2548
7845
7988
9979
7648
9878
1602
1168
9490
8607
7266
5239
9781
3253
2073
4120
7724
2128
9971
2288
9447
7274
2167
1518
9142
8501
7416
9069
2180
9711
6123
2987
3831
9861
4308
9820
9168
7915
5000
6321
4049
677
5997
9084
7110
7745
4080
3532
7285
7352
4461
3968
2800
8442
7896
3252
9309
1868
8736
9265
7504
4990
6889
8737
8454
9604
1585
6916
2843
8121
6700
717
1317
1940
9688
7108
7363
5123
993
6582
6160
813
6124
7343
1292
4222
2289
4480
5153
4110
6794
9957
991
2565
9959
1564
7042
4048
7268
2092
9019
7940
4282
5441
2496
3158
8105
3913
3757
6777
5868
7589
9419
5917
2481
7226
2744
2445
4021
4337
9155
4844
816
1701
6827
9390
4452
8574
1446
432
1294
3374
4389
4402
3764
2667
5558
4153
5821
9717
1130
9814
5028
9633
4833
4587
320
8057
4391
4699
4656
9200
4088
6825
7179
8953
1570
9742
3332
9924
7101
1690
7061
5138
8503
4011
4285
2342
3578
8556
2475
5107
3312
9425
6395
4707
3704
8076
180
2104
3829
3838
5196
262
5292
5446
5503
2426
4702
2986
5780
4064
8659
917
9023
9098
2799
1665
2851
1792
8705
920
779
3533
585
4493
6750
8760
4775
9335
7576
1421
7429
4185
2697
4758
6412
6985
2886
2034
378
634
3787
3691
939
6693
4118
1256
1368
1314
9705
8187
8649
7277
5628
4485
2341
9159
239
6589
8420
4020
6075
7259
3733
6661
9502
5733
6319
9898
6736
2359
7879
3889
8680
3259
2041
3782
2328
9117
1366
4044
3568
7461
4885
4353
1426
9877
1970
8739
7498
5664
2782
1961
876
5630
2262
7490
5033
176
702
2525
2725
9452
5568
4767
2514
8666
2714
274
2860
7182
687
5274
5911
6908
3266
1948
8115
1757
5494
7021
1791
3739
3063
105
4079
2083
7678
1360
3771
4162
6996
2638
5014
2673
7082
6898
1349
5328
4
915
7317
3453
9516
5139
4986
5658
399
4304
8838
7201
1839
1419
9736
1312
1286
7298
8986
5111
543
5516
842
3485
1888
7913
7593
4210
4131
7029
6564
1156
7062
975
6836
6922
2617
8342
501
6278
3337
3923
1710
1
5991
6639
3888
7799
1922
2946
154
5691
5465
2375
7204
241
3570
464
1021
5090
6507
4977
3636
8068
3015
344
8356
9511
9320
3837
7897
5708
4659
8098
4037
9432
1039
8267
9041
5200
4689
4150
4613
5657
2738
6296
5833
5582
7130
8669
7458
1607
3300
5050
7884
3631
9776
946
8152
4807
2505
3438
7515
7307
5563
1674
5206
509
1180
8567
3041
8352
862
6377
7456
3984
1004
3354
2765
3118
6151
5352
5570
1326
9220
2960
7386
97
9471
2008
7123
9045
8447
1738
2609
8890
4715
9246
7531
2740
8723
6958
4831
4714
4465
2517
632
459
3832
6570
8857
1193
8484
4969
